1 27.19 80.37 0

1 59.49 47.46 1

1 88.78 38.95 1

1 26.78 35.75 0

1 59.25 3.53 1

1 19.92 25.56 0

1 64.12 22.93 1

1 94.17 52.14 1

1 82.9 51.93 1

1 26.28 75.07 0

1 17.66 66.61 0

1 77.69 47.66 1

1 64.2 43.64 1

1 81.64 49.11 1

1 3.48 33.77 0

1 21.58 30.17 0

1 53.21 74.72 0

1 18.5 43.34 0

1 2.59 90.31 0

1 86.92 68.82 1

1 32.2 15.99 1

1 92.78 37.56 1

1 30.86 42.3 0

1 65.77 95.23 0

1 89.56 85.49 1

1 1.89 64.1 0

1 77.34 99.04 0

1 61.76 68 0

1 62.47 36.91 1

1 79.08 17.45 1

1 11.55 94.2 0

1 5.49 43.4 0

1 88.98 48.34 1

1 9.45 56.17 0

1 17.49 14.23 1

1 58.32 3.85 1

1 59.76 28.36 1

1 49.47 77.07 0

1 0.45 86.09 0

1 51.99 62.56 0

1 18.39 38.7 0

1 7.14 34.78 0

1 31.49 62.13 0

1 16.19 12.27 1

1 22.64 28.17 0

1 62.6 94.84 0

1 50.91 46.9 1

1 52.29 10.37 1

1 22.66 45.13 0

1 49.43 19.44 1

1 51.98 49.04 1

1 68.95 80.97 0

1 63.53 89.32 0

1 73.81 77.03 0

1 7.57 57.17 0

1 7.03 24.54 0

1 1.25 86.89 0

1 95.63 25.46 1

1 9.84 32 0

1 29.99 21.17 1

1 15.2 8.25 1

1 74.99 36.66 1

1 4.33 96.97 0

1 76.45 16.22 1

1 87.36 62.59 1

1 84.8 4.94 1

1 61.34 81.06 0

1 27.38 69.2 0

1 36.78 16.61 1

1 17.78 11.66 1

1 34.45 83.54 0

1 76.36 79.39 0

1 90.68 38.98 1

1 23.22 9.48 1

1 41.15 11.85 1

1 97.69 62.94 1

1 33.92 57.17 0

1 87.3 11.77 1

1 15.76 48.79 0

1 99.58 72.39 1

1 23.6 98.93 0

1 97.68 70.4 1

1 11.72 4.6 1

1 85.66 99.2 0

1 99.72 50.14 1

1 15.22 94.96 0

1 14.58 35.81 0

1 87.79 53.04 1

1 74.51 80.73 0

1 83.08 71.42 1

1 29.69 98.69 0

1 36.75 84.64 0

1 12.26 26.8 0

1 43.09 46.66 0

1 9.42 36.05 0

1 16.03 83.77 0

1 75.43 19.54 1

1 27.67 27.64 1

1 1.45 31.41 0

1 10.46 4.96 1

1 73.89 95.51 0

1 96.16 59.43 1

1 88.13 75.49 1

1 77.51 15.2 1

1 87.6 17.64 1

1 48.24 51.39 0

1 50.9 23.72 1

1 12.94 61.57 0

1 5.28 46.91 0

1 82.5 75.96 1

1 45.74 49.11 0

1 86.57 56.86 1

1 52.5 58.4 0

1 82.88 41.34 1

1 79.01 3.97 1

1 90.14 19.58 1

1 35.89 13.79 1

1 91.29 79.5 1

1 49.35 47.81 1

1 44.76 49.36 0

1 42.84 50.87 0

1 46.17 9.75 1

1 25.5 70.2 0

1 26.33 26.92 0

1 60.71 94.7 0

1 70.33 80.63 0

1 36.73 34.31 1

1 20.21 74.06 0

1 86.42 55.17 1

1 97.75 9.81 1

1 94.88 25.13 1

1 78.87 11.26 1

1 58.47 62.09 0

1 77.93 25.56 1

1 98.32 58.61 1

1 0.07 21.23 0

1 82.18 76.64 1

1 6.84 71.13 0

1 70.68 63.29 1

1 24.1 80.48 0

1 36.94 52.97 0

1 74.27 55.97 1

1 55.14 87.87 0

1 64.62 86.51 0

1 9.96 4.04 1

1 15.74 23.56 0

1 56.87 7.97 1

1 2.01 67.19 0

1 36.7 24.43 1

1 91.9 98.19 0

1 52.77 51.71 1

1 56.77 21.77 1

1 50.94 61.57 0

1 29.31 63.78 0

1 40.24 35.83 1

1 0.35 67.5 0

1 43.28 70.96 0

1 34.42 30.3 1

1 89.42 2.24 1

1 89.9 18.74 1

1 84.14 98.81 0

1 3.32 31.4 0

1 99.14 88.13 1

1 80.16 18.82 1

1 60.25 32.56 1

1 39.49 19.58 1

1 0.73 76.5 0

1 47.19 14.58 1

1 57.18 64.47 0

1 51.57 64.47 0

1 80.59 24.68 1

1 1.68 24.39 0

1 93.23 97.95 0

1 97.87 49.06 1

1 80.45 78.12 1

1 41.2 76.63 0

1 63.65 3.61 1

1 33.5 65.43 0

1 88.99 4.61 1

1 17.59 52.87 0

1 86.08 54.39 1

1 7.35 48.85 0

1 56.13 31.36 1

1 67.14 38.71 1

1 17.6 39.84 0

1 10.74 85.09 0

1 0.55 31.42 0

1 1.78 80.05 0

1 10.32 71.47 0

1 70.59 72.84 0

1 29.41 32 0

1 20.38 28.07 0

1 90.04 50.63 1

1 53.41 26.28 1

1 12.59 63.41 0

1 6.25 3.31 1

1 47.76 49.57 0

1 47.6 50.78 0

1 77 35.68 1

1 43.09 66.19 0

