2.06 2.08 0
1.45 2.95 0
2.44 0.05 0
2.45 0.11 0
1.87 0.18 0
0.16 2.06 0
1.15 1.15 1
0.79 0.77 0
2.67 2.45 0
0.5 1.93 0
0.93 2.99 0
2.41 1.58 0
1.4 2.25 0
0.46 0.66 0
1.69 2.57 0
1.66 1.21 1
2.24 0.89 0
1.72 1.72 1
2.99 2.26 0
1.1 0.67 0
1.13 2.01 1
1.14 2.55 0
0.57 2.81 0
2.8 2.68 0
0.83 2.78 0
2.17 0.17 0
1.97 2.66 0
0.09 0.89 0
0.08 2.67 0
2.49 1.41 0
2.88 2.95 0
1.4 1.01 1
2.53 1.67 0
0.08 1.4 0
1.52 0.93 1
0.85 2.14 0
2.56 0.38 0
1.91 0.65 0
2.14 1.02 0
0.96 2.96 0
0.18 1.12 0
1.18 1.89 1
2.57 1.66 0
1.56 2.94 0
0.85 0.34 0
1.27 1.31 1
1.28 1.06 1
2.24 0.54 0
2.78 0.14 0
2.52 1.52 0
1.7 1.21 1
0.87 2.86 0
1.8 1.5 1
1.07 0.98 1
0.2 0.9 0
0.1 1.98 0
0.06 2.6 0
1.82 2.82 0
0.79 2.77 0
1.87 2.47 0
0.37 1.86 0
0.23 2.7 0
2.88 0.55 0
2.36 0.5 0
2.8 1.43 0
1.71 1.43 1
2.06 2.36 0
0.49 0.3 0
1.12 2.19 0
0.02 2.88 0
1.28 0.28 0
2.51 2.69 0
1.76 0.16 0
1.22 1.75 1
0.1 2 0
2.13 2.57 0
0.75 0.34 0
1.18 2.32 0
1.13 1.79 1
1.74 0.93 1
0.07 1.56 0
1.91 1.56 1
2.49 0.2 0
2.74 0.6 0
2.97 2.66 0
1.2 2.54 0
1.78 1.97 1
0.64 0.14 0
2.06 2.96 0
0.6 1.41 0
2.97 1.99 0
2.92 0.01 0
0.29 0.32 0
2.44 1 0
2.76 0.56 0
2.12 0.87 0
0.48 0.79 0
2.39 0.62 0
0.94 0.96 0
1.32 1.36 1
1.39 1.4 1
2.97 0.21 0
0.3 0.81 0
1.94 2.71 0
0.42 0.69 0
1.37 0.96 1
1.28 2.16 1
2.76 2.2 0
0.15 1.44 0
0.25 0.77 0
1.53 1.09 1
1.06 2.73 0
2.87 0.48 0
1.23 1.3 1
0.99 0.36 0
0.64 2.74 0
2.92 1.95 0
2.32 2.41 0
1.57 0.29 0
0.78 1.34 1
2.1 1.92 1
0.6 1.67 0
0.61 2.8 0
2.7 0.23 0
2.23 0.34 0
0.54 2.72 0
1.39 1.82 1
1.5 1.61 1
0.63 0.65 0
0.15 0.58 0
0.83 1.23 1
0.54 2.17 0
2.42 0.81 0
1.98 2.88 0
2.52 1.98 0
2.28 0.81 0
0.78 0.21 0
2.73 2.94 0
1.5 2.36 0
0.77 1.14 0
2.09 2.84 0
1.2 2.22 0
2.67 1.16 0
0.99 1.64 1
1.25 2.77 0
1.09 1.72 1
2.23 1.99 0
1.24 1.48 1
0.63 0.09 0
1.3 0.26 0
1.38 1.37 1
0.33 0.84 0
3 2.78 0
2.34 2.07 0
1.4 1.89 1
2.97 2.18 0
1.53 2.86 0
2.78 0.03 0
1.89 1.82 1
2.06 0.43 0
2.16 1.59 1
1.96 3 0
1.31 1 1
2.18 0.31 0
1.59 1.99 1
0.16 1.37 0
0.82 1.37 1
0.07 0.04 0
0.89 1.77 1
0.88 2.01 0
2.04 1.99 1
2.38 1.46 0
0 2.5 0
2.98 1.6 0
0.87 0.95 0
0.08 2.15 0
0.11 2.96 0
1.8 0.61 0
0.63 2.92 0
0.32 1.07 0
0.49 0.18 0
2.33 2.8 0
0.05 0.97 0
1.51 2.84 0
0.95 1.66 1
2.68 2.85 0
2.73 1.84 0
2.25 1.19 0
2.76 0.44 0
1.73 2.26 0
2.92 0.39 0
0.18 2.63 0
0.01 0.57 0
1.61 1.38 1
0.79 2 0
2.31 2.29 0
2.07 0.67 0
2.67 0.3 0
1.58 2.1 1
0.27 0.85 0