2.23 2.03 0
1.41 2.7 0
1 2.23 0
0.61 2.84 0
0.64 0.19 0
2.86 0.27 0
2.1 1.42 0
2.47 0.07 0
1.61 1.12 1
1 1.18 1
1.86 1.95 0
0.98 0.27 1
1.67 1.97 0
2.56 1.16 0
2.68 1.39 0
0.55 0.98 1
0.1 0.5 0
0.49 1.19 1
0.48 1.03 1
0.42 2.3 0
0.39 0.06 0
0.97 0.11 0
2.94 1.03 0
1.48 1.79 0
0.66 1.43 1
2.7 2.91 0
1.59 2.95 0
1.05 1.74 1
2.79 0.6 0
0.72 2.05 0
2.63 2.55 0
2.31 0.57 0
2.69 0.15 0
2.34 2.99 0
2.09 2.86 0
2.12 1.96 0
0.97 1.9 0
2.65 0.55 0
2.4 0.32 0
0.72 2.42 0
0.95 0.26 1
2.45 1.02 0
0.04 1.73 0
0.57 2.21 0
0.22 0.76 0
0.83 2.56 0
2.94 0.21 0
1.7 2.61 0
2.55 2.15 0
2.27 1.96 0
1 0.83 1
2.59 0.62 0
0.12 1.04 0
1.11 2.18 0
0.63 1.82 0
0.44 1.38 1
0.65 1.12 1
1.7 2.89 0
2.13 0.86 0
0.12 2.73 0
0.45 2.77 0
0.22 2.13 0
1.85 1.92 0
0.07 1.51 0
0.55 1.08 1
1.72 0.83 1
0.47 2.57 0
1.5 1.43 1
2.65 0.76 0
2.74 1.89 0
1.76 1.53 0
2.62 2.4 0
0.27 0.33 0
1.94 1.06 0
1.65 1.49 0
0.13 1.5 0
0.11 0.83 0
1.54 1.27 1
0.44 0.49 0
2.01 1.32 0
1.94 2.15 0
2.07 2.79 0
0.68 2.04 0
2.7 1.09 0
1.9 0.67 0
2.22 1.38 0
1.37 1.98 0
0.77 0.42 1
0.9 0.62 1
0.82 0.93 1
0.66 0.29 0
1.45 1.46 1
2.71 2.15 0
1.46 0.03 0
2.45 2.1 0
2.9 0.58 0
2.77 1.55 0
2.15 2.67 0
2.2 0.58 0
0.68 2.38 0
2.54 2.44 0
0.61 1.22 1
1.22 1.31 1
1.99 2.72 0
2.69 2.88 0
0.55 0.89 1
1.5 2.75 0
0.37 2.43 0
1.64 0.15 0
2.68 2.78 0
2.52 3 0
1.28 2.3 0
0.44 1.85 0
2.29 1.99 0
0.36 0.03 0
0.56 2.43 0
1.72 2.55 0
1.33 0.28 0
0.34 0.29 0
0.51 2.16 0
2.53 1.3 0
1.88 1.6 0
2.79 0.27 0
1.01 2.27 0
1.26 1.05 1
2.49 2.52 0
2.1 2.71 0
0.99 2.75 0
1.66 1.42 0
0.93 0.36 1
2.53 2.4 0
0.13 0.61 0
1.52 0.14 0
1.94 0.56 0
1.65 1.33 1
0.51 0.38 0
0.02 0.93 0
0.87 1.77 0
2.19 0.66 0
0.53 2.24 0
2.9 1.08 0
0.18 2.01 0
1.31 2.72 0
0.4 0.29 0
0.48 0.39 0
1.55 0.44 0
0.18 2.06 0
2.59 2.61 0
0.27 2.45 0
1.07 2.12 0
0.36 0.48 0
0.62 0.72 1
0.99 1.83 0
0.87 0.88 1
0.33 0.53 0
2.84 0.29 0
0 0.41 0
2.39 1.49 0
2.91 1.12 0
2.38 2.81 0
0.63 0.64 1
2.68 2.45 0
0.88 0.46 1
2.89 2.24 0
2.32 2.83 0
1.56 1.84 0
1.94 1.61 0
0.68 0.74 1
2.83 0.11 0
2.03 2.1 0
2.71 0.95 0
0.02 0.23 0
1.32 2.07 0
1.99 0.51 0
2.78 0.52 0
1.53 1.75 0
2.75 1.33 0
1.57 2.42 0
2.71 1.34 0
1.89 0.06 0
1.48 2.91 0
1.68 2.55 0
2.9 2.75 0
2.77 1.75 0
2.74 2.33 0
1.09 1.13 1
1.33 1.23 1
2.83 1.71 0
0.79 2.49 0
0.98 0.49 1
2.68 2.42 0
2.81 1.9 0
0.14 0.1 0
1.98 0.3 0
2.07 1.05 0
2.4 1.09 0
1.48 1 1
0.6 2.93 0
0.25 2.91 0
1.1 1 1
1.79 1.28 0
1.68 0.78 1
1.94 1.95 0
0.42 2.8 0
0.53 0.61 1
2.52 2.7 0
1.48 1.11 1
1.17 0.77 1
0.27 2.81 0
0.98 1.23 1
2.27 1.41 0
0.62 0.44 1
1.86 2.6 0
0.2 0.51 0
0.08 2.35 0
1.13 0.54 1
1.96 2.16 0
0.29 1.16 1
2.32 2.37 0
0.41 1.16 1
2.41 0.06 0
1.29 2.35 0
2.07 0.7 0
1.02 2.07 0
1.53 2.13 0
2.08 1.51 0
2.06 2.58 0
1.52 1.21 1
2.1 1.91 0
2.56 1.89 0
2.23 0.2 0
1.33 0.85 1
0.49 1.96 0
0.78 2.79 0
2.27 1.24 0
1.98 1.59 0
1.92 0.06 0
1.66 2.4 0
1.42 0.59 1
2.4 2.08 0
1.8 2.47 0
2.34 2.91 0
1.74 1.35 0
1.99 0.71 0
0.89 1.53 1
1.24 1.43 1
0.13 1.75 0
2.12 2.05 0
1.08 0.4 1
0.12 2.97 0
2.62 1.38 0
0.37 2.29 0
0.46 0.02 0
2.02 1.21 0
0.87 0.39 1
2.68 1.38 0
1.78 2.52 0
0.1 2.33 0
1.07 0.12 0
0.63 1.56 1
2.64 2.58 0
2.14 2.35 0
1.25 1.31 1
2.88 0.37 0
0.93 0.48 1
0.12 0.01 0
2.3 0.93 0
0.26 2.26 0
0.11 1.72 0
0.27 0.22 0
1.39 2.93 0
2.48 2.21 0
1.05 0.02 0
2.1 2.74 0
0.79 1.14 1
2.25 2.6 0
1.73 0.45 0
2.26 2.45 0
2.31 2.99 0
2.46 0.15 0
1.13 2.21 0
2.12 2.98 0
2.61 0.26 0
1.15 1.39 1
2.13 2.96 0
1.04 0.36 1
0.05 0.28 0
0.65 0.21 0
2.09 1.85 0
1.77 2.31 0
2.38 1.52 0
1 0.18 0
2.77 1.73 0
2.97 1.48 0
1.95 1.95 0
1.84 2.58 0
0.26 1.05 1
1.03 0.43 1
0.25 2.68 0
2.94 0.97 0
1.12 2.96 0
2.05 1.94 0
1.19 2.78 0
2.99 2.64 0
0.92 2.49 0
2.31 1.62 0
1.5 1.72 0
0.54 2.73 0
0.41 2.52 0
0.8 0.25 0
0.13 0.37 0
1.71 2.53 0
2.96 1.79 0
0.78 2.42 0
1.67 1.8 0
2.7 2.05 0
1.7 1.53 0
2.28 2.37 0
2.94 2.87 0
2.07 2.58 0
2.25 2.18 0
0.83 0.18 0
0.35 2.86 0
0.52 1.86 0
0.07 1.15 0
2.57 2.2 0
1.89 2.94 0
0.26 0.99 1
2.33 0.24 0
1.13 1.02 1
1.17 0.99 1
2.88 2.48 0
1.19 2.23 0
1.55 1.47 1
0.52 2.65 0
1.27 2.72 0
0.1 2.65 0
1.8 0.08 0
2.42 1.36 0
1.99 0.79 0
1.72 1.09 1
1.69 0 0
2.43 0.14 0
0.47 1.05 1
0.82 1.39 1
2.85 1.44 0
0.21 0.85 0
1.17 1.76 0
0.47 2.13 0
1.43 2.36 0
2.31 0.49 0
0.16 1.13 0
0.28 0.02 0
0.36 2.55 0
2.87 1.24 0
2.47 2.23 0
0.88 1.53 1
2.85 0.37 0
2.09 0.93 0
0.53 2.74 0
2.61 1.13 0
0.41 0.18 0
0.38 1.94 0
1.45 0.95 1
1.8 1.71 0
2.43 0.35 0
2.7 2.75 0
0.59 2.77 0
2.44 2.23 0
2.59 1.54 0
1.78 1.84 0
2.08 0.91 0
2.04 0.47 0
0.12 1.52 0
2.53 0.94 0
2.74 1.63 0
0.58 2.49 0
2.05 1.26 0
1.88 2.92 0
2.4 2.16 0
1.53 0.8 1
2.9 0.64 0
1.97 1.31 0
0.08 0.33 0
1 2.97 0
0.19 2.32 0
1.78 1.91 0
0 2.13 0
0.86 2.68 0
0.23 2.87 0
2.57 0.64 0
2.43 1.73 0
1.89 1.6 0
1.07 1.07 1
1.56 2.12 0
0.48 0.36 0
0.49 0.51 1
0.16 1.64 0
0.85 1.8 0
0.57 0.49 1
2.33 1.14 0
1.8 0.54 0
0.91 1.98 0
0.06 0.05 0
1.83 2.97 0
2.41 2.04 0
0.3 0.11 0
2.33 0.95 0
0.01 1.07 0
2.31 2.07 0
1.07 2.19 0
1 2.72 0
0.15 2.9 0
1.87 1.22 0
1.18 1.39 1
1.89 2.95 0
0.62 1.32 1
2.48 1.06 0
2.63 0.43 0
0.79 1.84 0
2.83 0.89 0
1.87 0.08 0
1.91 2.54 0
1.39 1.81 0
2.2 0.35 0
1.53 2.56 0
2.37 1.76 0
0.16 1.86 0
0.74 1.86 0
1.22 0.03 0
1.42 0.57 1
2.6 0.3 0
0.38 1.92 0
0.49 1.88 0
2.24 0.47 0
1.91 2.72 0
1.17 1.11 1
1.09 0.72 1
0.44 2.81 0
0.77 0.39 1
2.07 1.66 0
1.63 0.42 0
2.17 0.51 0
0.72 0.06 0
1.33 0.13 0
0.74 0.37 1
1.46 1.28 1
2.19 2.83 0
2.07 2.13 0
1.86 1.62 0
2.04 1.49 0
0.19 1.9 0
2.71 0.66 0
2.23 2.41 0
2.91 2.05 0
2.64 0.52 0
2.06 0.45 0
1.69 2.62 0
0.04 2.15 0
2.48 2.86 0
2.22 2.73 0
2.32 0.71 0
0.77 1.54 1
0.97 0.49 1
0.07 0.95 0
0.65 1.35 1
2.8 0.26 0
1.83 0.47 0
1.81 0.2 0
1.44 1.13 1
2.9 1.29 0
1.71 0.06 0
1.22 0.7 1
1.04 2.5 0
0.9 2.64 0
0.38 2.93 0
1.88 2.02 0
0.37 1.93 0
2.24 1.13 0
0.63 2.44 0
2.25 0.73 0
2.35 1.39 0
0.27 2.18 0
1.06 2.69 0
1.36 0.98 1
0.41 1.12 1
2.07 2.09 0
0.33 1.96 0
2.76 2.28 0
1.78 2.41 0
2.03 1.72 0
1.65 0.94 1
0.22 1.02 0
0.14 2.41 0
0.73 0.11 0
1.93 0.4 0
0.03 1.33 0
0.38 2.47 0
2.83 1.56 0
2.86 1.23 0
0.12 2.56 0
1.8 0.26 0
2.56 2.08 0
2.8 0.45 0
1.14 2.78 0
2.51 0.89 0
1.15 0.65 1
0.85 0.62 1
0.51 2.22 0
1.71 1.58 0
2.94 0.95 0
0.87 0.97 1
1.64 0.94 1
1.59 2.16 0
2.41 1.58 0
2.05 0.79 0
1.23 0.97 1
1.89 1.3 0
1.79 1.96 0
1.83 2.28 0
0.75 1.71 0
1.65 0.75 1
1.26 0.64 1
2.21 0.25 0
1.6 1.85 0
0.42 2.81 0
0.67 1.49 1
0.26 0.75 0
2.49 1.84 0
1.15 1.69 1
2.53 1.05 0
0.68 2.01 0
2.72 2.82 0
1.55 2.35 0
2.69 2.33 0
2.63 2.92 0
1.97 1.76 0
2.64 1.19 0
2.1 2.36 0
1.03 2.55 0
1.44 2.92 0
0.4 0.93 1
1.99 2.2 0
0.23 0.16 0
1.02 0.91 1
0.33 0.21 0
2.2 2.44 0
0.81 1.31 1
2.91 0.28 0
0.86 1.77 0
2.88 1.88 0
0.32 2.49 0
0.76 2.96 0
0.18 1.74 0
1.29 1.98 0
0.65 1.27 1
2.72 2.07 0
2.53 1.28 0
0.38 1.05 1
2.9 2.43 0
1.02 1.85 0
0.06 2.35 0
0.54 1.23 1
1.54 2.98 0
1.36 2.98 0
1.44 1.39 1
0.33 0.6 0
2.26 1.05 0
1.08 2.29 0
1.96 1.11 0
2.25 1.48 0
0.77 2.24 0
1.97 1.39 0
2.94 1.87 0
2.57 1.81 0
2.53 0.23 0
1.84 1 0
0.21 2.94 0
0.37 1.79 0
0.44 1.1 1
0.41 2.81 0
2.04 2.63 0
2.53 2.92 0
0.81 2.52 0
0.45 2.26 0
1.39 1.01 1
2.1 1.5 0
1.71 0.53 0
2.44 2.82 0
1.22 0.51 1
2.08 0.31 0
1.62 2.93 0
1.44 2.59 0
1.38 2.38 0
2.19 0.15 0
0.56 0.02 0
2.04 2.15 0
2.63 1.66 0
1.05 2.63 0
1.76 1.97 0
2.18 2.06 0
2.11 0.85 0
1.91 1.47 0
0.12 1.63 0
0.78 2.74 0
1.29 2.09 0
0.53 0.55 1
0 0.54 0
2.79 2.38 0
0.93 1.2 1
0.99 2.72 0
1.69 1.58 0
1.33 1.95 0
2.12 2.41 0
1.67 2.07 0
1.16 1.67 1
2.71 1.89 0
1.91 1.16 0
0.27 0.18 0
2.15 1.42 0
1.52 2.35 0
0.8 2.52 0
2 0.68 0
2.04 1.23 0
2.06 0.25 0
2.81 1 0
1.51 2.1 0
2.76 1.46 0
2.93 1.17 0
1.19 1.24 1
2.67 0.53 0
1.39 1.79 0
1.34 2.76 0
0.8 2.27 0
0.45 1.49 1
0.47 1.42 1
2.31 0.61 0
1.59 0.74 1
2.2 2.24 0
1.34 2.62 0
0.03 2.92 0
1.27 0.41 1
1.11 0.6 1
0.69 1.07 1
2.41 0.25 0
2.56 1.18 0
2.47 0.44 0
1.5 2.64 0
1.9 2.77 0
0.2 0.93 0
0.03 0.58 0
2.31 0.44 0
1.53 0.94 1
1.08 0.66 1
2.42 2.07 0
0.56 1.99 0
2.3 2.63 0
2.05 2.7 0
0.24 0.83 0
0.16 1.19 0
1.95 2.44 0
2.95 1.54 0
2.26 1.82 0
0.78 0.6 1
0.44 0.12 0
1.78 0.38 0
2.53 1.27 0
2.72 2.13 0
0.85 0.37 1
0.38 0.1 0
1.04 0.51 1
0.3 0.6 0
1.88 1.37 0
1.11 0.01 0
1.29 0.95 1
2.43 1.39 0
1.87 1.37 0
0.49 2.06 0
1.81 0.43 0
1.68 1.53 0
2.52 0.02 0
2.19 1.92 0
0.04 1.14 0
1.9 2.7 0
0.34 0.1 0
2.54 2.54 0
2.03 0.31 0
2.45 1.55 0
0.56 2.65 0
2.07 1.94 0
0.36 1.24 1
2.44 0.36 0
0.52 2.37 0
1.23 0.5 1
1.56 2.63 0
2.26 0.83 0
1.19 1.04 1
2.51 2.46 0
2.43 0.4 0
2.8 2.32 0
2.21 2.36 0
1.93 0.76 0
2.82 1.72 0
0.7 2.12 0
1.35 2.86 0
1.91 2.44 0
2.6 1.52 0
2.6 0.37 0
1.96 2.16 0
2.17 0.14 0
0.86 0.08 0
0.99 0.02 0
2.41 1.72 0
0.74 1.75 0
2.82 0.62 0
1.94 2.97 0
2.09 2.85 0
2.53 1.57 0
2.61 2.95 0
0.08 0.03 0
1.93 2.53 0
2.27 2.17 0
1.34 1.93 0
0.96 0.88 1
2.2 1.31 0
0.78 2.6 0
1.95 0.68 0
2.83 0.32 0
1.73 2.84 0
1.21 2.57 0
0.41 2.8 0
1.54 1.36 1
0.24 1.11 0
1.19 0.56 1
1.64 1.62 0
2.76 1.7 0
1.55 2.66 0
1.52 1.48 1
2.74 2.29 0
0.61 0.12 0
2.12 0.47 0
1.61 2.38 0
2.66 1.84 0
0.56 1.96 0
0.38 1.32 1
1.55 0.67 1
2.21 1.09 0
1.96 0.07 0
0.59 2.33 0
1.8 2.11 0
2.36 0.44 0
0.84 1.92 0
2.07 1.96 0
1.53 2.82 0
0.05 2.24 0
2.12 2.64 0
2.77 1.29 0
1.04 0.29 1
0.68 0.26 0
2.75 2.71 0
2.13 1.21 0
1.95 0.65 0
0.05 2.99 0
2.93 2.04 0
0.94 2.79 0
1.5 1.17 1
2.92 1.37 0
0.4 0.61 1
1.28 2.58 0
2.24 1.37 0
2.57 2.77 0
2.74 0.82 0
1.97 1.73 0
1.18 2.28 0
0.13 2.01 0
2.5 2.59 0
1.78 2.78 0
2.95 2.42 0
2.76 2.01 0
2.83 0.1 0
0.75 0.96 1
2.17 0.06 0
1.43 0.44 1
2.1 0.18 0
1.03 1.58 1
1.75 0.32 0
1.65 1.85 0
0.89 0.73 1
0.31 0.77 1
1.7 1.43 0
2.17 2.87 0
2.69 1.82 0
0.02 0.68 0
2.17 2.03 0
0.66 1.36 1
2.35 2.27 0
0.73 1.85 0
1.92 2.25 0
1.81 1.62 0
1.06 2.6 0
0.8 1.75 0
0.98 2.93 0
2.86 2.94 0
0.53 0.42 1
1.42 1.79 0
1.79 2.07 0
1.05 2.64 0
0.07 2.13 0
0.57 0.27 0
2.73 2.1 0
2.52 2.32 0
2 1.33 0
0.46 0.73 1
0.03 2.61 0
1.18 1.2 1
2.14 0.6 0
2.7 2.66 0
0.13 2.26 0
1.07 2.92 0
1.37 1.92 0
2.02 1.76 0
1.21 0.09 0
2.27 2.29 0
1.76 0.61 0
2.25 0.95 0
2.05 0.4 0
1.89 2.6 0
1.99 2.16 0
2.7 0.37 0
2.96 2.19 0
0.95 0.2 0
2.04 2.98 0
0.33 0.24 0
0.87 1.86 0
1.21 0.79 1
1.95 0.48 0
1.49 2.58 0
0.08 2.48 0
2.86 0.84 0
1.42 1.96 0
2.88 0.13 0
0.76 2.17 0
2.5 2.92 0
2.76 1.12 0
1.35 1.56 1
2.34 0.99 0
1.42 0.54 1
2.17 0.51 0
0.17 0.28 0
0.7 0.21 0
1.83 2.06 0
2.78 2.04 0
0.02 1.79 0
2.62 2.15 0
1.22 0.29 1
1.77 1.12 0
0.89 0.1 0
0.28 1.78 0
0.45 1.91 0
1.55 0.84 1
2.08 1.93 0
1.24 2.94 0
2.54 1.21 0
2.79 0.54 0
0.96 1.36 1
2.66 1.79 0
0.85 0.53 1
1.76 1.32 0
1 1.27 1
1.41 0.17 0
2.83 0.48 0
1.8 2.64 0
2.45 0.87 0
1.83 0.41 0
0.67 1.24 1
0.44 2.04 0
0.9 2.62 0
1.69 0.62 0
2.58 1.5 0
2.09 2.41 0
2.81 2.31 0
1.9 1.53 0
1 1.32 1
1.19 2.62 0
0.31 2.57 0
0.35 0.61 0
1.2 0.64 1
2.89 0.54 0
1.83 1.02 0
1.62 2.13 0
0.24 2.84 0
0.39 0.25 0
1.8 0.02 0
0.49 2.45 0
1.52 2.48 0
0.82 2.65 0
0.4 0.41 0
1.89 1.83 0
0.98 2.22 0
0.87 2.22 0
0.67 2.91 0
1.83 1.68 0
0.35 1.69 0
0.93 2.57 0
0.05 2.18 0
2.21 1.88 0
2.51 0.63 0
0.37 0.82 1
1.13 0.37 1
2.96 0.7 0
0.05 0.95 0
1.38 1.93 0
2.87 2.74 0
0.55 1.95 0
0.91 0.99 1
2.36 2.85 0
2.41 1.07 0
0.54 1.04 1
1.66 0.42 0
2.8 0.2 0
0.64 0.6 1
0.14 2.44 0
2.11 2.74 0
1.56 1.6 0
0.35 2.78 0
1.61 2.68 0
2.18 2.07 0
1.14 0.87 1
2.49 0.39 0
2.02 1.04 0
2.22 1.08 0
1.19 0.24 0
2.89 0.86 0
0.89 1.73 1
0.59 1.95 0
0.16 0.08 0
0.72 2.29 0
2.25 1.21 0
0.32 2.89 0
0.28 0.15 0
0.02 2.43 0
0.01 2.27 0
0.94 2.63 0
1.05 2.78 0
0.75 0.63 1
1.03 0.36 1
2.7 2.96 0
0.43 0.52 1
1.76 0.91 0
1.34 2.08 0
0.59 1.04 1
2.04 1.82 0
2.41 0.87 0
0.36 1.46 0
2.41 1.07 0
2.71 2.92 0
1.91 1.39 0
0.97 2.55 0
2.76 2.24 0
0.62 1.95 0
2.21 2.26 0
0.55 2.21 0
0.06 2.89 0
1.29 1.78 0
2.92 2.07 0
1.04 0.16 0
0.67 0.52 1
1.16 0.46 1
2.13 2.45 0
2.93 0.36 0
0.81 0.01 0
2.35 2.31 0
2.4 0.61 0
0.56 2.72 0
1.96 0.22 0
2.81 0.78 0
1.38 2.27 0
0.24 2.42 0
2.99 0.42 0
1.5 1.87 0
1.09 2.17 0
0.92 1.01 1
1.55 2.41 0
0.33 0.76 1
0.61 2.46 0
2.35 1.71 0
0.96 1.83 0
1.71 1.85 0
0.65 0.11 0
0.07 1.48 0
0.43 1.14 1
1.93 2.19 0
1.67 1.42 0
1.88 0.39 0
0.24 0.34 0
1.65 2.67 0
2.13 1.83 0
1.83 0.3 0
0.31 0.16 0
1.89 2.93 0
2.54 2.3 0
0.72 1.95 0
0.48 0.52 1
1.01 0 0
2.71 1.52 0
0.42 1.18 1
1.82 0.67 0
1.03 0.6 1
0.58 0.69 1
1.78 2.74 0
0.5 0.1 0
0.85 1.42 1
0.16 1.58 0
0.44 2.83 0
1.71 2.23 0
0.47 0.7 1
1.17 2.25 0
1.91 1.58 0
2.85 1.78 0
2.75 2.81 0
2.26 0.78 0
1.14 1.13 1
2.69 2.81 0
1.24 0.42 1
1.68 1.67 0
1.06 0.27 1
2.86 0.35 0
2.7 2.67 0
2.49 1.84 0
2.49 0 0
2.86 1.4 0
1.73 1.42 0
2.11 1.71 0
0.28 2.95 0
1.14 2.02 0
2.55 2.68 0
2.62 2.94 0
2.72 1.86 0
2.8 1.7 0
2.37 0.73 0
2.71 0.5 0
2.11 0.68 0
0.31 0.6 0
1.05 2.82 0
1.75 0.83 0
1.76 2.17 0
0.95 0.07 0
0.41 1.04 1
2.35 0.61 0
1.95 2.09 0
2.65 2.87 0
2.39 2.71 0
1.16 0.97 1
2.74 2.8 0
1.81 1.6 0
0.58 0.62 1
0.21 1.59 0
1.42 2.55 0
1.51 0.78 1
0.83 0.7 1
2.74 0.28 0
1.3 0.45 1
0.71 1.22 1
0.27 0.14 0
1.1 0.79 1
0.95 1.13 1
0.92 2.16 0
2.06 1.09 0
1.47 0.26 0
1.33 2.01 0
0.03 0.21 0
0.63 2.85 0
1.29 2.33 0
2.66 0.5 0
2.22 1.77 0
2.33 2.55 0
0.01 2.98 0
0.82 2.45 0
1.67 2.04 0
2.1 1.95 0
2.29 2.66 0
1.62 1.75 0
2.53 1.51 0
2.72 2.2 0
2.02 2.58 0
2.65 1.14 0
2.75 2.9 0
1.55 1.37 1
0.66 0.8 1
2.74 0.85 0
1.53 0.53 1
0.38 2.84 0
0.4 0.52 0
1.15 0.45 1
1.81 2.9 0
0.59 2.5 0
0.58 1.92 0
2.22 2.91 0
2.13 1.47 0
2.98 2.15 0
0.02 2.46 0
1.06 1.43 1
1.12 0.24 0
0.2 1.06 0
1.1 1.33 1
1.2 2.47 0
0.28 2.83 0
0.68 2.93 0
2.7 0.48 0
1.66 1.5 0
2.75 0.1 0
1.57 1.6 0
1.93 2.97 0
1.59 1.28 1
0.71 0.49 1
0.3 0.98 1
0.95 1.39 1
0.17 1.47 0
0.43 0.01 0
0.63 2.1 0
0.37 0.68 1
1.55 0.25 0
0.58 2.74 0
0.91 1.85 0
1.99 0.92 0
1.84 2.82 0
2.41 1.78 0
2.32 1.34 0
0.03 0.05 0
0.81 1.72 1
0.93 0.08 0
2.96 2.51 0
0.87 0.42 1
0.87 2.34 0
1.25 1.94 0
0.41 0.68 1
2.69 0.97 0
1.51 2.91 0
0.8 0.33 1
3 2.57 0
1.55 0.77 1
1.25 2.43 0
1.03 0.34 1
1.18 1.75 0
2.17 0.21 0
2.14 1.39 0
0.63 2.33 0
0.99 1.69 1
2.62 2.41 0
0.69 1.37 1
1.82 0.57 0
2.58 2.9 0
0.97 2.36 0
0.68 1.82 0
1.79 0.93 0
0.65 1.67 0
2.66 1.14 0
2.39 0.84 0
0.39 2.58 0
1.44 0.95 1
0.96 0.14 0
0.14 0.94 0
2.83 2.33 0
1.07 1.21 1
2.9 0.87 0
1.97 0.04 0
2.88 0.63 0
0.23 0.08 0
2.51 1.79 0
2.48 2.27 0
2.79 2.47 0
1.62 0.93 1
1.55 0.59 1
2.61 2.9 0
1.25 0.79 1
1.3 0.7 1
2.7 2.36 0
1.58 0.44 0
0.92 1.1 1
2.03 1.99 0
0.38 2.95 0
0.61 2.54 0
1.88 1.38 0
1.51 1.13 1
1.17 0.6 1
0.53 2.63 0
1.16 2.61 0
2.36 1.05 0
1.26 0.86 1
2.78 2.73 0
2.93 1.99 0
2.48 2.58 0
0.3 2.78 0
1.54 1.82 0
1.21 1.88 0
0.59 2.27 0
0.6 2.55 0
2.13 1.57 0
0.45 0.34 0
2.38 2.62 0
1.44 0.21 0
2.58 1.7 0
0.65 2.36 0
2.32 2.59 0
0.08 1.35 0
2.38 2.09 0
0.22 1.76 0
0.54 1.91 0
1.61 0.49 0
2.67 2.68 0
0.13 1.75 0
0.25 0.15 0
0.64 2.2 0
0.54 0.05 0
0.23 0.46 0
2.54 0.06 0
0.44 2.02 0
0.5 0.65 1
2.08 0.06 0
1.56 0.68 1
2.98 2.88 0
2.69 2.03 0
1.15 1.68 1
1.91 1.51 0
1.73 2.73 0
2.49 2.34 0
0.5 0.6 1
2.18 1.22 0
0.58 0.47 1
2.84 0.97 0
2.88 0.6 0
2.75 0.24 0
0.31 2.56 0
0.72 0.92 1
2.77 1.23 0
2.99 0.7 0
2.13 2.63 0
1.73 1.24 0
0.61 2.23 0
0.97 0.96 1
2.49 0.33 0
2.8 0.15 0
2.94 0.02 0
0.77 0.63 1
1.83 0.43 0
1.85 1.29 0
1.02 2.84 0
1.94 2.18 0
0.49 0.82 1
0.85 1.27 1
2.34 2.71 0
2.28 1.36 0
2.23 0.96 0
1.07 2.1 0
1.57 2.2 0
0.92 0.64 1
0.61 2.48 0
0.92 0.3 1
2.77 2.32 0
2.77 1.47 0
1.06 0.94 1
0.21 2.99 0
2.14 0.89 0
0.95 1.97 0
1.97 1.52 0
2.56 0.96 0
2.12 0.05 0
2.1 0.72 0
2.95 1.27 0
2.43 2.21 0
2.58 2.88 0
0.88 0.23 0
2.06 0.86 0
0.29 1.55 0
1.25 2.81 0
2.36 2.18 0
1.94 1.46 0
2.55 0.49 0
2.26 0.53 0
2.05 0.89 0
0.65 1.95 0
0.74 0.87 1
0.87 2.86 0
1.9 1.65 0
2.68 0.71 0
2.78 1.7 0
2.7 1.73 0
1.42 2.91 0
1.33 1.18 1
1.03 0.04 0
1.56 0.68 1
0.39 1.79 0
1.14 1.37 1
0.02 0.22 0
2.09 2.47 0
1.46 2.79 0
2.84 1.71 0
1.17 0.49 1
0.99 1.56 1
1.45 1.92 0
1.91 0.7 0
1.1 1.57 1
1.16 0.36 1
0.24 1.06 0
0.45 0.85 1
0.63 1.93 0
2.4 2.94 0
1.11 1.86 0
2.01 1.75 0
1.39 2.47 0
1.16 1.63 1
0.24 1.43 0
0.85 2.22 0
2.9 0.88 0
1.29 1.97 0
2.5 2.53 0
1.52 2.58 0
2.41 1.69 0
0.44 0.72 1
1.37 2.28 0
2.04 1.68 0
2.88 2.59 0
2.94 2 0
1.1 0.69 1
0.05 0.98 0
1.37 0.54 1
1.92 1.31 0
1.22 0.1 0
0.39 1.53 0
1.97 2.47 0
1.7 2.92 0
2.94 0.42 0
0.74 1.38 1
2.99 1.07 0
2.32 2.64 0
1.74 2.84 0
1.75 2.96 0
2.81 1.25 0
0.63 0.26 0
1.23 1.22 1
2.56 1.21 0
0.77 2.32 0
1.59 0.61 1
2.12 1.16 0
2.04 0.86 0
0.5 1.7 0
1.72 2.02 0
0.42 2.95 0
0.91 0.7 1
1.76 2.39 0
2.12 2.66 0
2.6 2.47 0
2.91 2.23 0
1.8 1.74 0
1.59 2.69 0
1.21 0.56 1
0.33 2.02 0
2.24 2.12 0
2.37 2.53 0
1.25 2.76 0
0.89 0.08 0
0.36 2.3 0
2.9 2.78 0
2.21 1.73 0
1.87 2 0
0.4 0.67 1
1.67 2.5 0
0.04 0.6 0
2.76 0.69 0
1.74 1.58 0
2.93 2.02 0
0.88 0.78 1
0.96 0.88 1
1.39 1.95 0
0.98 0.52 1
0.44 1.81 0
0.48 1.44 1
0 0.29 0
1.24 2.29 0
1.73 1.74 0
1.83 0.97 0
0.68 0.81 1
2.49 1.85 0
0.8 1.59 1
2.03 2.26 0
1.27 2.9 0
2.21 0.64 0
1.12 2.1 0
0.57 0.83 1
0.29 1.54 0
0.58 0.27 0
1.69 0.29 0
2.62 1.17 0
1.56 2.95 0
2.51 0.6 0
1.38 1.36 1
0.05 1.99 0
1.55 1.33 1
2.43 1.62 0
0.82 2.64 0
1 1.64 1
0.86 0.87 1
2.84 1.71 0
1.35 1.58 1
1.02 2.83 0
0.42 1.33 1
0.82 1.04 1
0.69 2.73 0
2.99 0.67 0
0.33 0.33 0
2.91 1.57 0
2.51 1.18 0
0.18 2.29 0
2.82 0.24 0
1.6 1.24 1
2.4 1.72 0
0.05 2.9 0
1.28 0.64 1
2.36 1.93 0
2.77 1.54 0
0.36 2.48 0
2.73 2.86 0
1.65 2.23 0
1.65 1.6 0
0.33 0.76 1
0.41 1.18 1
0.44 2.06 0
1.58 0.38 0
1.06 0.8 1
1.78 1.61 0
2.57 2.27 0
1.1 2.56 0
2.75 1.13 0
2.6 2.09 0
2.9 2.55 0
0.15 2.55 0
0.02 1.56 0
0.32 2.72 0
1.96 1.21 0
0.79 0.37 1
2.63 1.32 0
0.7 0.36 1
0.31 0.88 1
2.42 2.95 0
2.56 2.42 0
0.26 1.55 0
0.69 0.45 1
1.98 0.39 0
2.14 1.16 0
2.29 1.33 0
0.52 0.91 1
0.94 0.8 1
1.37 1.85 0
1.84 2.53 0
2.63 2.62 0
0.46 1.24 1
1.39 1.1 1
0.37 2.56 0
0.2 0.27 0
2.78 1.1 0
2.16 1.73 0
1.42 0.11 0
1.81 1.38 0
0.39 1.51 0
2.93 0.51 0
0.99 1.46 1
1.94 2.51 0
2.75 2.65 0
2.09 0.14 0
0.62 1.14 1
1.56 2.62 0
1.91 2.64 0
1.5 1.88 0
0.75 1.01 1
2.32 2.68 0
1.84 1.56 0
1.59 1.43 1
1.41 1.72 0
1.26 1.64 1
2.25 1.66 0
1.9 0.18 0
0.63 1.13 1
1.62 1.67 0
0.95 1.93 0
0.44 0.15 0
0.81 0.92 1
1.91 0.16 0
0.09 1.05 0
2.14 1.93 0
1.63 0.76 1
0.94 0.9 1
1.82 1.45 0
2.3 1.9 0
1.36 2.57 0
0.81 1.1 1
0.39 0.66 1
1.07 1.44 1
2.1 1.82 0
1.66 1.9 0
0.75 0.4 1
0.5 1.49 1
0.12 0.26 0
2.07 2.69 0
0.69 2.47 0
2.91 1.16 0
0.79 0.72 1
1.63 1.37 1
2.79 0.3 0
1.69 2.3 0
2.97 0.51 0
1.04 2.26 0
2.16 1.83 0
1.29 0.37 1
0.12 1.07 0
0.06 0.38 0
0.71 0.05 0
1.98 0.89 0
0.04 1.9 0
2.13 0.81 0
1.3 2.03 0
1.26 0.76 1
1.03 0.91 1
2.79 0.17 0
2.65 1.83 0
1.86 2.69 0
1.91 0.61 0
1.79 0.19 0
2.31 1.77 0
2.13 2.36 0
1.12 1.47 1
2.95 2.58 0
1.68 2.06 0
1.92 2.28 0
2.69 0.69 0
0.94 2.62 0
0.96 2.37 0
0.74 0.88 1
0.11 1.65 0
0.21 0.22 0
1.83 1.88 0
1.36 2 0
1.3 2.31 0
0.58 1.21 1
1.35 0.87 1
2.76 0.96 0
0.96 1.53 1
2.71 0.54 0
1.36 0.28 0
0.48 1.64 0
2.27 0.5 0
0.59 2.22 0
0.21 1.98 0
2.15 0.46 0
2.54 2.32 0
1.68 2.1 0
1.65 0.04 0
2.51 2.54 0
1.6 0.31 0
1.01 2.23 0
0.18 3 0
1.18 2.98 0
1.49 2.06 0
2.85 0.39 0
2.75 0.28 0
2.2 0.38 0
1.54 2.64 0
2.42 2 0
0.78 2.13 0
1.36 0.9 1
1.28 0.46 1
2.15 1.62 0
1.05 1.69 1
2.01 1.14 0
2.47 1.38 0
2.12 2.48 0
2.14 0.89 0
2.63 2.15 0
0.62 1.75 0
2.06 0.33 0
0.08 0.62 0
1.38 2.53 0
2.61 2.36 0
1.01 2.58 0
2.03 1.31 0
2.71 1.71 0
1.92 0.05 0
1.71 1.06 1
1.56 2.41 0
0.19 1.04 0
1.47 2.03 0
0.63 2.28 0
1.32 0.03 0
1.27 1.88 0
2.21 2.67 0
2.83 1.35 0
2.05 2.4 0
0.63 1.37 1
3 0.38 0
1.33 2.95 0
0.4 0.76 1
0.73 1.98 0
1.11 0.86 1
2.17 1.83 0
1.38 0.64 1
2.3 1.33 0
1.71 2.98 0
0.38 0.3 0
1.86 1.53 0
2.59 2.29 0
1.72 0.66 0
1.19 0.34 1
1.07 0.24 0
1.72 2.43 0
0.12 1.06 0
0.98 2.92 0
0.75 0.07 0
2.66 1.93 0
3 1.54 0
2.23 1.02 0
2.46 2.78 0
2.02 1.04 0
0.03 2.05 0
2.77 0.55 0
2.07 1.32 0
2.83 0.63 0
0.01 1.05 0
1.96 2.26 0
1.98 0.92 0
1.82 2.49 0
2.25 2.54 0
0.69 1.97 0
1.81 1.22 0
1.47 1.26 1
0.84 2.02 0
1.53 1.09 1
2.44 1.13 0
2.61 2.98 0
1.82 1.39 0
1.9 2.43 0
0.17 1.17 0
0.72 2.2 0
2.03 1.98 0
1.15 2.57 0
0.65 2.83 0
2.46 1.14 0
1.74 1.49 0
1.78 0.04 0
0.33 0.27 0
0.41 2.2 0
1.26 0.73 1
1.57 2.92 0
2.81 2.29 0
2.95 1.81 0
1.05 2.62 0
0.56 2.18 0
2.87 2.38 0
0.53 2.76 0
2.28 2.96 0
0.72 2.46 0
1.47 2.74 0
1.94 0.18 0
0.58 1.83 0
2.22 1.49 0
2.52 2.2 0
0.2 1.14 0
1.56 1.57 0
1.78 1.44 0
0.05 2.87 0
0.77 2.42 0
0.72 1.25 1
0.31 2.54 0
0.02 2.99 0
0.27 1.56 0
1.23 2.3 0
0.91 0.03 0
2.17 1.51 0
1.06 1.93 0
1.29 0.17 0
1.8 2.63 0
0.27 1.6 0
0.41 0.45 0
0.8 1.44 1
0.75 1.17 1
2.73 1.22 0
2.86 2.07 0
0.06 2.13 0
1.04 1.86 0
2.6 1.09 0
2.46 2.29 0
0.83 1.17 1
1.09 0.81 1
2.52 2.47 0
0.27 1.39 0
2.61 2.14 0
0.41 0.45 0
2.33 2.82 0
1.99 2.95 0
0.81 2.82 0
2.63 1.15 0
0.07 2.02 0
2.14 2.5 0
0.9 2.62 0
1.75 0.31 0
1.87 0.4 0
0.13 0.63 0
0.73 2.37 0
1.72 0.18 0
0.9 1.96 0
2.31 2.03 0
0.57 0.12 0
0.99 2.91 0
1.41 2.05 0
2.66 2.78 0
2.63 0.31 0
0.24 1.74 0
0.31 1.19 1
2.01 0.12 0
1.67 2.72 0
1.84 2.58 0
2.32 1.46 0
2.7 2.16 0
1.36 2.8 0
2.77 0.03 0
2.11 0.7 0
1.8 2.89 0
2.98 2.53 0
1.93 1.06 0
2.84 1.87 0
3 1.3 0
0.77 2.67 0
2.36 1.01 0
2.43 1.55 0
0.85 1.47 1
0.9 0.07 0
0.32 1.55 0
1.69 0.28 0
1.24 0.59 1
1.06 0.22 0
1.78 0.04 0
1.32 2.15 0
0.53 1.4 1
2.32 2.35 0
2.47 1.51 0
1.06 1.62 1
2.02 0.71 0
1.86 1.22 0
2.04 2.14 0
2.82 0.53 0
1.55 2.86 0
2.28 1.71 0
2.5 2.16 0
2.5 2.67 0
1.15 2.69 0
2.48 2.14 0
2.55 2.31 0
2.96 2.15 0
0.31 2.04 0
1.81 2.05 0
2.25 2.97 0
2.33 0.56 0
0.98 0.77 1
1.06 0.76 1
0.08 0.11 0
0.72 1.82 0
0.4 1.56 0
0.74 0.81 1
2.74 0.03 0
0.94 2.17 0
1.49 1.21 1
0.73 0.91 1
1.26 0.06 0
0.13 2.35 0
2.07 2.14 0
2.7 2.89 0
0.97 2.51 0
2.56 2.26 0
1.07 0.74 1
0.89 0.87 1
2.27 2.45 0
2.12 1.12 0
0.12 2.84 0
1.29 2.98 0
0.47 1.47 1
2.89 2.04 0
0.45 2.96 0
2.03 0.79 0
0.46 1.32 1
0.54 1.78 0
0.53 0.2 0
2.54 1.85 0
0.55 0.69 1
1.6 0.98 1
0.99 2.7 0
1.63 1.93 0
2.52 0.83 0
1.65 0.09 0
1.41 1.69 0
0.93 2.14 0
2.85 2.51 0
0.46 2.36 0
1.3 0.64 1
0.28 2.43 0
0.51 1.77 0
2.99 1.4 0
0.2 1.11 0
1.54 2.26 0
2.61 2.98 0
0.63 2.26 0
0.69 2.08 0
2.16 2.51 0
1.07 0.87 1
1.6 0.63 1
1.73 2.06 0
2.31 1.3 0
1.39 0.18 0
1.87 0.24 0
2.77 1.75 0
2.37 0.53 0
2.45 1.31 0
0.54 0.22 0
2.46 1.94 0
1.38 0.7 1
2.58 1.42 0
1.13 1.82 0
2.36 2.67 0
1.83 1.53 0
1.32 2.1 0
2.62 2.66 0
2.36 1.5 0
1.5 1.87 0
0.33 0.02 0
2.32 1.05 0
0.22 0.81 0
0.99 2.54 0
0 2.93 0
2.02 2.86 0
2.95 0.66 0
2.65 2.52 0
1.87 0.38 0
1.09 0.15 0
1.6 0.26 0
2 1.51 0
2.03 2.15 0
0.54 0.15 0
0.65 0.44 1
1.13 2.52 0
2.05 1.37 0
0.86 0.86 1
2.42 1.21 0
2.83 0.04 0
1.06 0.8 1
1.22 0.62 1
0.66 0.28 0
1.48 1.74 0
0.18 2.87 0
2.09 2.4 0
2.87 0.46 0
1.56 2.41 0
2.81 1.19 0
0.55 2.04 0
2.4 2.62 0
2.18 2.77 0
0.45 0.21 0
1.36 2.67 0
1.01 1.94 0
0.93 2.27 0
0.56 2.27 0
2.92 1.97 0
1.48 0.82 1
1.55 2.77 0
1.09 2.03 0
2.29 1.68 0
2.68 2.6 0
0.54 0.61 1
1.12 2.41 0
2.63 2.88 0
1.53 1 1
1.22 0.72 1
2.67 0.83 0
0.4 2.6 0
1.96 2.6 0
2.64 0.69 0
2.38 0.91 0
1.71 0.91 1
2.62 0.52 0
1.28 1.86 0
0.84 0.22 0
0.92 1.52 1
2.99 2.13 0
0.09 2.99 0
1.33 1.85 0
0.58 0.71 1
2.02 0.78 0
0.5 0.8 1
0.87 2.99 0
1.6 2.94 0
0.73 0.76 1
2.85 1.93 0
1.71 0.66 0
1.89 0.62 0
2.75 2.7 0
1.32 1.85 0
1.55 2.49 0
0.05 0.89 0
0.91 0.47 1
0.95 1.56 1
0.73 0.47 1
2.3 2.12 0
2.53 1.78 0
2.72 2.43 0
2.74 0.85 0
0.83 2.19 0
1.07 1.03 1
1.59 1.04 1
0.77 1.88 0
1.93 1.38 0
1.98 1.31 0
0.92 1.75 0
0.92 1.6 1
1.91 2.53 0
2.27 1.5 0
1.82 0.2 0
2.11 2.3 0
0.58 0.28 0
2.4 0.37 0
2.7 0.77 0
2.45 0.36 0
1.36 1.25 1
1.85 0.07 0
1.7 1.92 0
1.08 1.58 1
0.86 1.52 1
1.69 2.51 0
2.95 2.66 0
2.83 2.35 0
2.82 0.2 0
0.27 0.66 0
1.51 2.47 0
2.98 2.9 0
0.85 1.41 1
2.74 0.84 0
0.72 0.55 1
0.56 2.2 0
2.44 2.15 0
2.52 1.59 0
2.68 2.11 0
1.68 2.14 0
2.61 2.19 0
1.91 1.37 0
1.11 1.07 1
1.8 1.08 0
1.99 1.46 0
1.1 2.78 0
1.98 0.58 0
1.8 1.57 0
0.11 1.96 0
1.39 2.01 0
0.15 1.66 0
2.83 2.97 0
0.39 2.15 0
0.68 0.66 1
1.54 1.67 0
2.62 1.5 0
0.01 2.31 0
0.82 0.3 1
1.06 1.79 0
1.32 2.13 0
0.3 0.81 1
0.93 1.14 1
0.12 1.14 0
0.84 0.17 0
2.65 1.29 0
0.12 1.3 0
2.25 2.65 0
1.35 1.15 1
0.73 0.4 1
0.44 0.45 0
1.84 2.6 0
0.23 1.14 0
1.9 0.71 0
0.19 1.09 0
2.02 0.63 0
1.63 2.34 0
2.92 1.46 0
2.08 0.29 0
1.27 2.57 0
1.94 1.18 0
1.88 1.38 0
0.33 0.54 0
1.9 2.85 0
0.62 0.64 1
2.3 1.45 0
0.85 1.95 0
1.76 0.2 0
2.35 0.2 0
0.37 1.62 0
0.28 1.51 0
2.73 2.34 0
0.8 1.29 1
0.64 2.26 0
0.53 2.43 0
0.57 0.77 1
0.85 0.49 1
0.96 2.68 0
2.45 0.35 0
1.33 2.24 0
1.05 2.61 0
1.03 2.59 0
2.81 1.89 0
0.24 0.63 0
1.85 0.95 0
1.72 1.86 0
2.1 2.97 0
0.11 1.71 0
2.38 0.51 0
0.84 2.48 0
2.09 1.79 0
1.88 2.49 0
0.1 1.46 0
1.73 0.18 0
1.3 0.05 0
1.62 0.2 0
2.14 2.72 0
1.21 0.75 1
1.69 2.95 0
0.72 1.17 1
0.97 1.79 0
0.54 0.55 1
2.09 1.9 0
0.15 1.98 0
2.63 1.34 0
2.88 0.57 0
0.22 0.76 0
1.76 1.34 0
0.54 0.74 1
1.8 2.76 0
0.35 2.58 0
2.85 2.11 0
2.65 0.57 0
2.93 0.5 0
2.4 2.41 0
0.09 1.05 0
1.25 1.95 0
2.27 2.36 0
2.23 1.34 0
1.07 1.23 1
2.37 0.93 0
2.92 2.69 0
1.56 2.14 0
0.69 0.17 0
0.46 2.28 0
0.58 1.47 1
1.81 0.33 0
1.25 0.56 1
1.52 1.65 0
1.09 1.68 1
0.6 0.5 1
1.82 2.19 0
1.45 2.19 0
0.91 1.63 1
2.54 2.9 0
2.69 1.52 0
1.12 0.15 0
1.84 2.36 0
2.79 1.74 0
1.15 2.84 0
0.69 0.55 1
2.52 1.08 0
1.75 0.43 0
2.76 0.2 0
2.67 2.35 0
1.42 2.14 0
1.41 1.38 1
2.35 0.41 0
1.51 0.22 0
0.39 1.46 0
2.55 0.7 0
2.05 2.81 0
1.16 1.86 0
2.8 1.17 0
0.53 2.69 0
0.23 1.56 0
1.16 0.86 1
0.58 1.18 1
1.87 2.16 0
1.24 2.33 0
0.26 2.69 0
1.14 2.65 0
2.42 2.14 0
1.63 1.51 0
0.38 1.71 0
0.71 2.84 0
0.58 2.37 0
0.92 1.39 1
2.57 0.06 0
1.88 0.35 0
1.15 0.35 1
1.59 2.04 0
1.66 0.08 0
0.26 0.96 1
2.56 0.13 0
2.03 2.3 0
0.35 1.71 0
0.98 1.4 1
0.2 0.27 0
1.22 2.59 0
1.35 2.54 0
1.63 2.37 0
1.92 2.79 0
0.32 2.65 0
0.71 0.43 1
0.73 0.14 0
2.83 2.79 0
0.83 0.47 1
2.56 1.39 0
1.48 0.8 1
0.71 0.11 0
2.72 1.42 0
2.14 2.65 0
0.73 1.86 0
0.07 2.6 0
1.72 0.36 0
2.28 1.4 0
2.29 1.37 0
1.56 0.94 1
1.14 1.96 0
0.02 2.22 0
2.67 2.43 0
1.96 2.81 0
1.81 2.33 0
1.41 0.56 1
0.15 1.11 0
2.57 2.19 0
0.08 0.35 0
2.41 0.49 0
0.68 2.84 0
2.06 2.3 0
2.36 1.91 0
2.55 0.36 0
2.83 2.02 0
2.07 2.24 0
0.8 2.77 0
1.4 2.31 0
1.28 1.94 0
0.1 0.54 0
1.83 1.02 0
0.05 2.5 0
1.92 1.35 0
0.54 2.46 0
0.27 1.71 0
0.35 2.69 0
0.61 1.39 1
1.62 1.84 0
0.11 0.67 0
2.37 0.81 0
0.02 2.22 0
1.93 0.36 0
0.23 2.8 0
1.6 2.91 0
1.24 0.76 1
0.37 2.82 0
0.86 2.56 0
1.85 2.01 0
2.29 2.92 0
1.09 1.54 1
2.75 1.76 0
0.33 0.41 0
1.93 1.89 0
0.6 2.44 0
1.06 1 1
1.6 0.95 1
0.53 0.65 1
2.34 0.51 0
1.49 0.09 0
0.84 2.08 0
1.45 2.28 0
2.5 0.5 0
0.18 1.91 0
1.38 0.28 0
1.9 2.36 0
0.27 1.91 0
0.28 0.32 0
1.3 2.43 0
0.87 0.55 1
0.64 2.09 0
2.98 1.62 0
0.71 1.72 0
1.64 0.97 1
2.89 2 0
1.57 0.72 1
0.93 1.93 0
1 1.95 0
2.93 1.45 0
0.5 2.05 0
1.64 1.65 0
0.39 2.13 0
1.13 0.21 0
1.29 1.84 0
2.37 2.85 0
2.53 1.22 0
0.67 0.07 0
0.3 0.07 0
0.5 1.36 1
1.66 0.91 1
0.85 0.21 0
2 1.49 0
0.44 0.32 0
2.31 1.21 0
1.44 1.05 1
0.1 0.98 0
2.71 1.18 0
0.92 0.9 1
1.04 1.96 0
1.88 3 0
0.15 1.3 0
2.27 1.95 0
1.73 2.59 0
0.16 0.92 0
0.83 0.28 1
0.29 2.37 0
1.22 2.49 0
0.87 1.89 0
1.22 2.34 0
1.22 1.17 1
2.31 1.52 0
2.78 1.45 0
2.78 1.65 0
1.03 0.92 1
2.03 0.89 0
2.63 2.4 0
2.5 1.52 0
0.38 1.11 1
2.99 1.51 0
1.03 1.51 1
0.41 1.75 0
2.15 1.29 0
1.96 1.41 0
1.82 0.96 0
2.2 2.78 0
0.82 0.05 0
1.71 0.75 0
0.58 2.97 0
2.38 2.37 0
1.97 0.47 0
1.04 1.99 0
2.19 0.48 0
2.15 2.44 0
0.23 0.9 0
2.53 0.2 0
1.55 2.15 0
0.84 1.99 0
0.14 1.75 0
2.64 1.02 0
1.26 2.94 0
0.49 1.18 1
1.98 0.63 0
1.26 0.18 0
1.46 2.64 0
1.53 1.85 0
0.25 1.22 0
1.4 2.29 0
1.6 1.86 0
2.46 2.77 0
0.99 1.1 1
2.78 1.91 0
1.5 2.52 0
0.11 1.85 0
2.19 2.9 0
0.65 0.7 1
0.18 2.46 0
2.49 2.99 0
2.09 1.07 0
0.14 0.59 0
2.2 2.68 0
0.75 1.07 1
2.82 1.98 0
0.67 1.97 0
1.42 1.32 1
2.36 1.63 0
2.3 0.49 0
2.81 1.46 0
1.72 0.2 0
0.68 0.17 0
2.66 1.19 0
0.97 2.86 0
1.53 2.22 0
2.92 2.55 0
0.91 1.02 1
2.72 2.78 0
0.6 0.57 1
0.06 0.57 0
2.68 1.22 0
2.47 1.57 0
1.13 1.02 1
1.59 0.21 0
2.3 1.35 0
0.29 2.65 0
0.56 0.73 1
1.37 1.01 1
1.71 1.92 0
1.26 1.08 1
2.14 1.99 0
1.76 2.65 0
1.53 0.19 0
1.24 1.61 1
0.93 0.37 1
2.18 0.61 0
2.62 0.78 0
2.69 1.32 0
2.85 1.66 0
0.49 1.11 1
2.02 1.31 0
1.28 0.46 1
1.41 0.81 1
2.62 2.21 0
1.86 1.55 0
0.1 1.13 0
1.98 1.03 0
2.2 0.69 0
0.43 2.14 0
0.77 2.43 0
1.38 0.28 0
1.65 2.58 0
2.23 2.58 0
2.29 1.35 0
1.98 1.22 0
1.8 1.96 0
1.19 2.02 0
2.78 1.93 0
0.63 2.17 0
1.71 1.78 0
2.28 0.69 0
2.24 2.76 0
2.82 2.16 0
0.22 1.86 0
2.85 1.92 0
2.14 3 0
1.33 2.44 0
0.6 2.03 0
2.23 1.94 0
1.53 1.06 1
2.47 1.21 0
0.39 2.15 0
2.05 0.57 0
2.29 1.91 0
0.23 1.7 0
0.58 0.21 0
0.23 0.21 0
0.69 1.26 1
1.92 1.11 0
1.38 2.67 0
0.49 1.08 1
0.55 2.49 0
0.11 1.33 0
0.13 1.95 0
2.06 0.26 0
2.67 1.86 0
1.71 2.52 0
1.41 1.29 1
1.43 2.84 0
1.3 0.86 1
0.16 1.04 0
2.02 1.3 0
1.24 1.61 1
0.32 2.34 0
0.39 2.87 0
1.96 1.01 0
0.64 0.75 1
0.37 1.41 0
1.95 2.74 0
1.89 1 0
0.94 1.15 1
0.56 1.45 1
2.15 1.2 0
1.08 0.53 1
0.47 0.66 1
0.16 0.58 0
1.78 1.46 0
2.12 0.13 0
1.25 2.09 0
0.58 0.46 1
0.75 1.2 1
2.69 0.21 0
0.04 0.27 0
1.43 1.95 0
0.39 0.15 0
0.92 0.65 1
1.3 0.88 1
1.87 2.66 0
0.34 1.05 1
2.36 2.51 0
2.61 2.93 0
2.09 0.59 0
1.35 1.64 1
0.1 0.54 0
0.55 2.47 0
2.63 2.36 0
1.34 2.99 0
0.91 0.68 1
1.08 1.49 1
0.45 0.15 0
2.12 1.91 0
2.04 1.25 0
0.91 0.98 1
2.2 2.56 0
2.61 0.97 0
2.12 2.08 0
0.58 0.75 1
1.21 0.25 0
1.84 0.74 0
1.07 2.13 0
0.07 2.86 0
1.77 1.85 0
2.35 1.65 0
0.03 1.83 0
2.74 2.11 0
2.66 0.29 0
1.16 0.48 1
1.98 2.11 0
2.11 1.64 0
1.65 1.67 0
2.83 2.58 0
0.95 0.54 1
2.21 2.81 0
1.77 2.68 0
1.46 0.53 1
1.03 0.01 0
1.39 2.26 0
1.23 0.11 0
2.71 0.51 0
0.02 0.76 0
1.01 0.04 0
0.05 0.23 0
0.22 1.09 0
2.98 1.4 0
0.65 1.01 1
0.88 2.41 0
0.95 1.68 1
0.02 0.17 0
1 0.44 1
0.45 0.52 1
2.52 2.35 0
2.27 0.08 0
2.22 1.38 0
1.45 1.38 1
1.47 2.1 0
0.02 0.53 0
1.93 1.39 0
0.5 2.27 0
2.54 0.88 0
0.07 1.63 0
0.65 1.33 1
1.53 0.34 0
0.98 1.5 1
1.61 2.27 0
2.79 0.02 0
0.35 0.82 1
2.01 0.89 0
1.32 0.75 1
2.92 1.48 0
0.76 0.41 1
2.91 2.28 0
1.53 0.09 0
0.68 2.19 0
1 2.43 0
2.24 1.54 0
2.19 2.08 0
0.73 0.21 0
1.55 2.71 0
1.56 0.28 0
1.03 2.15 0
0.89 1.06 1
0.31 2.76 0
0.16 1.12 0
0.83 0.57 1
1.31 1.77 0
2.74 1.95 0
0.91 1.62 1
2.93 0.88 0
2.48 0.03 0
0.62 2.45 0
1.28 1.07 1
0.06 2.44 0
0.86 1.69 1
1.82 1.33 0
1.54 1.88 0
1.65 2.15 0
1.25 1.18 1
0.78 1.27 1
2.37 0.83 0
2.48 2.64 0
1.05 0.97 1
1.81 0.38 0
2.28 1.14 0
2.42 2.48 0
2.72 0.7 0
0.17 1.72 0
0.77 0.34 1
0.4 1.39 1
1.39 2.29 0
1.46 2.47 0
1.46 2.77 0
2.56 1.14 0
1.12 1.44 1
0.69 1.18 1
1.36 0.02 0
2.52 1.02 0
0.55 1.67 0
2.32 0.38 0
2.48 2.95 0
2.23 0.52 0
1.62 1.65 0
1.25 2.46 0
1.02 0.18 0
1.47 1.49 1
1.66 1.79 0
2.03 2.29 0
2.84 0.86 0
1.03 0.32 1
1.63 0.01 0
2.77 1.84 0
0.12 0.35 0
2.13 1.39 0
1.36 1.33 1
1.26 0.09 0
2.16 0.64 0
1.25 0.14 0
0.21 1.08 0
2.92 1.1 0
0.29 2.33 0
0.32 2.51 0
1.14 1.06 1
2.69 2.68 0
0.73 1.05 1
0.2 0 0
1.34 2.13 0
0.91 2.38 0
1.12 0.45 1
2.36 2.96 0
2.64 0.76 0
1.2 0.31 1
0.28 2.94 0
1.11 0.25 0
0.48 0.78 1
2.32 2.76 0
0.04 0.44 0
1.98 0.96 0
2.97 2.65 0
2.99 2.1 0
2.94 0.14 0
2.87 0.86 0
2.5 0.32 0
1.92 2.48 0
0.95 0.83 1
0.8 2.9 0
0.52 1.57 1
1.51 0.83 1
0.38 2.26 0
2.04 0.81 0
0.71 3 0
2.28 2.33 0
1.49 2.39 0
2.81 0.02 0
1.21 0.51 1
1.34 2.89 0
0.27 1.91 0
1.11 1.43 1
2.71 0.86 0
3 2.63 0
2.31 1.81 0
2.93 1.86 0
0.09 1.29 0
2.67 0.35 0
0.57 2.01 0
2.61 2.15 0
1.67 1.36 0
1.18 2.56 0
0.83 0.07 0
1.22 1.02 1
0.4 2.1 0
2.36 2.13 0
0.46 2.94 0
2.4 1.42 0
2.16 0.42 0
2.6 0.92 0
3 1.64 0
1.4 1.03 1
0.92 1.29 1
2.11 0.6 0
1.86 0.89 0
2.01 0.74 0
2.71 2.58 0
1.25 2.1 0
0.83 2.41 0
2.54 0.88 0
1.9 0.37 0
2.65 2.37 0
2.08 2.2 0
1.32 0.33 1
1.23 0.3 1
1.11 1.46 1
1.45 2.55 0
2.15 2.47 0
2.86 2.74 0
2.19 0.73 0
1.96 2.02 0
2.01 2.42 0
0.53 2.92 0
0.52 1.13 1
1.31 1 1
1.51 1.47 1
2.86 0.22 0
1.33 0.69 1
0.82 1.16 1
0.52 0.32 0
1 1.84 0
1.27 0.42 1
2.83 2.06 0
0.79 2.04 0
0.52 0.7 1
1.04 0.33 1
2.36 2.59 0
2.78 2.72 0
0.32 1.19 1
2.47 0.52 0
2.4 1.74 0
1.01 1.65 1
1.02 0.39 1
0.21 0.58 0
2.89 1.24 0
1.2 1.44 1
1.28 2.81 0
1.69 2.18 0
2.17 0.17 0
1.46 0.09 0
0.09 2.03 0
0.49 2.92 0
1.72 1.13 1
2.15 2.14 0
2.81 1.35 0
0.16 1.68 0
0.05 0.56 0
2.58 2.61 0
2.98 2.05 0
2.52 1.87 0
1.33 2.98 0
0.56 1.33 1
2.61 0.39 0
2.48 1.55 0
0.72 1.48 1
2.81 2.39 0
2 2.77 0
0.47 2.61 0
2.98 2.08 0
2.36 2.42 0
0.93 1.33 1
0.85 2.29 0
1.01 0.73 1
2.57 1.67 0
1.97 1.44 0
0.13 2.83 0
0.18 1.48 0
2.5 1.79 0
2.81 2.34 0
2.28 2.01 0
2.41 1.11 0
0.35 0.49 0
1.34 2.97 0
1.54 0.52 1
2.61 0.75 0
2.68 1.38 0
1.73 1.74 0
2.85 2.37 0
0.15 0.14 0
2.54 1.48 0
0.18 2.22 0
1.96 2.42 0
1.98 0.11 0
2.98 1.78 0
0.32 3 0
1.02 2.85 0
0.58 0.71 1
0.71 1.29 1
1.67 1.55 0
2.26 1.3 0
1.38 1.13 1
2.99 2.66 0
0.89 2.55 0
1.99 0.21 0
2.71 1.22 0
1.43 2.19 0
1.66 1.64 0
1.33 1.92 0
2.37 0.15 0
1.86 0.98 0
2.17 2.64 0
2.73 1.23 0
1.95 2.72 0
2.88 2.5 0
2.29 0.21 0
0.15 1.94 0
1.4 0.81 1
0.25 2.33 0
2.06 0.25 0
0.21 2.56 0
0.26 0.11 0
1.32 2.85 0
2.5 1.92 0
2.62 0.05 0
1.36 2.65 0
1.15 1.35 1
1.05 1.63 1
0.21 1.41 0
1.42 1.12 1
0.12 1.04 0
1.73 1.57 0
1.64 2.64 0
0 2.69 0
2.73 0.5 0
0.08 0.34 0
1.6 0.9 1
1.65 0.39 0
1.53 2.22 0
1.01 1.75 0
0.36 1.01 1
0.2 2.19 0
2.58 2.28 0
2.67 1.68 0
0.47 1.61 0
2.55 1.29 0
2.63 0.45 0
2.19 2.15 0
1.28 0.07 0
2.86 1.01 0
2.35 0.51 0
1.8 1.49 0
2.52 0.83 0
0.84 0.49 1
0.64 1.45 1
1.17 0.64 1
2.24 0.73 0
2.67 0.19 0
0.44 1.95 0
2.8 0.01 0
0.75 2.32 0
2.56 0.02 0
0.63 2.68 0
2.09 0.24 0
1.42 1.55 1
2.32 1.86 0
2.7 2.45 0
1.9 0.99 0
1.39 1.67 0
1.98 1.61 0
2.87 1.76 0
0.68 1 1
2.05 1.04 0
1.42 0.03 0
0.88 1.69 1
2.19 2.82 0
2.86 0.28 0
0.84 0.62 1
1.21 2.75 0
2.25 1.21 0
0.91 1.65 1
1.14 1.65 1
1.94 1.01 0
2.53 2.85 0
1.25 0.06 0
0.5 2 0
1.39 0.19 0
2.99 1.6 0
1.54 0.7 1
0.74 2.31 0
0.02 2.06 0
1.12 0.16 0
0.38 0.89 1
0.9 1.66 1
2.44 1.89 0
2.98 0.45 0
1.75 1.96 0
2.67 1.49 0
0.42 2.57 0
0.33 2.21 0
2.03 1.29 0
2.91 1.91 0
2.97 2.93 0
1.48 0.91 1
2.18 1.7 0
0.84 1.96 0
1.93 2.9 0
0.27 0.26 0
2.14 1.25 0
0.63 1.08 1
0.49 2.81 0
0.58 2.56 0
0.63 2.89 0
0.37 0.19 0
1.07 0.82 1
1.79 0.12 0
2.8 1.46 0
0.28 2.29 0
0.02 2.63 0
0.11 2.01 0
0.1 1.12 0
1.9 0.3 0
2.54 2.74 0
2.83 1.82 0
1.14 2 0
0.93 1.05 1
2.48 2.57 0
0.33 1.84 0
1.16 0.59 1
0.08 0.7 0
2.62 0.31 0
2.38 1.25 0
2.59 0.5 0
0.06 0 0
2.4 2.38 0
0.18 2.19 0
0.34 1.17 1
2.64 2.55 0
2.53 0.6 0
2.58 0.55 0
0.74 1.55 1
0.29 2.39 0
0.03 2.8 0
0.08 2.07 0
2.43 1.95 0
1.61 1.95 0
2.66 2.72 0
2.19 0.15 0
2.01 0.29 0
2.83 1.22 0
2.36 1.44 0
0.65 2.12 0
1.83 1.3 0
2.49 0.02 0
2.41 0.53 0
2.31 0.44 0
2.55 1.62 0
2.32 0.56 0
2.52 1.36 0
0.43 0.1 0
0.54 1.84 0
0.78 0.51 1
1.29 2.11 0
1.24 0.01 0
0.2 0.21 0
0.29 1.02 1
0.17 1.51 0
2.75 2.34 0
0.15 0.27 0
0.07 1.08 0
0.62 1.4 1
2.34 1.35 0
2.93 1.14 0
2.62 1.53 0
1.54 2.91 0
1.99 1.19 0
1.05 2.95 0
1.64 0.12 0
2.58 2.33 0
1.71 2.5 0
0.45 0.78 1
2.47 1.87 0
0.5 1 1
0.51 1.82 0
2.9 1.71 0
1.15 0.64 1
2.73 2.4 0
2.28 2.94 0
2.83 1.92 0
2.27 1.39 0
2.81 0.02 0
0.2 0.06 0
2.3 0.65 0
1.28 2.95 0
1.22 1.16 1
2.14 0.49 0
1.18 2.72 0
0.96 2.25 0
2.07 1.31 0
1.32 0.38 1
0.62 2.9 0
2.09 2.84 0
1.22 2.33 0
1.12 1.66 1
1.39 2.28 0
2.2 2.54 0
2.9 0.44 0
1.39 2.22 0
0.13 2.56 0
2.6 1.8 0
0.44 2.94 0
0.09 0.95 0
1.92 0.69 0
2.99 1.3 0
2.16 1.77 0
0.25 2.42 0
2.46 1.97 0
2.97 2.74 0
0.52 0.75 1
1.23 2.02 0
2.74 1.08 0
0.07 1.02 0
2.1 2.88 0
0.06 1.33 0
2.43 0.51 0
2.6 0.79 0
2.22 0.15 0
0.83 0.64 1
0.58 2.82 0
1.57 1.87 0
2.99 0.92 0
2.26 0.16 0
1.75 1.27 0
0.43 1.4 1
0.26 2.06 0
0.54 0.4 0
0.43 1.99 0
1.56 1.79 0
1.3 1.99 0
2.87 1.62 0
0.43 2.66 0
0.52 2.62 0
1.32 2.83 0
2.42 2.57 0
1.01 0.9 1
1.9 1.52 0
0.47 1.82 0
1.48 1.8 0
1.3 0.64 1
0.15 1.19 0
1.86 0.97 0
0.39 2.43 0
2.62 0.95 0
0.01 1.74 0
0.76 1.75 0
2.73 1.33 0
2.17 2.41 0
0.34 0.45 0
0.86 0.6 1
0.97 0.94 1
2.16 1.84 0
1.25 2.25 0
2.99 1.86 0
0.74 0.14 0
1.79 0.33 0
0.36 2.23 0
0.52 2.14 0
0.66 1.74 0
1.91 1.7 0
0.8 0.82 1
2 2.89 0
0.08 2.63 0
0.85 0.2 0
2.83 1.58 0
2.98 1.82 0
1.4 0.91 1
0.92 0.65 1
1.86 2.76 0
1.23 2.89 0
2.71 1.44 0
1.31 1.42 1
2.92 0.81 0
1.71 2.46 0
2.61 1.08 0
1.89 0.35 0
1.78 0.94 0
1.82 1.66 0
0.91 1.98 0
1.85 2.1 0
2.71 0.18 0
0.55 0.44 1
2.27 0.99 0
2.88 0.64 0
2.51 0.5 0
2.89 2.24 0
1.36 2.86 0
2.71 0.22 0
2.76 2.14 0
2.81 1.69 0
2.83 1.12 0
0.56 1.84 0
1.98 2.53 0
1.75 2.55 0
2.68 2.27 0
0.32 0.75 1
0.96 0.79 1
1.72 1.68 0
1.98 1.82 0
2.21 2.38 0
1.55 0.3 0
0.99 0.13 0
2.48 2.11 0
1.29 0.02 0
0.33 1.61 0
1.84 1.98 0
1.42 0.48 1